Semilla base: 597509435
Semillas de las réplicas:
597509435
732216101
1763659711
799077576
62646255
2062282675
1364894821
606810424
316917784
1263800812
1286602474
1420899724
1237273042
2119140603
652068673
1034571129
1027921921
259702862
946592629
994623270
500220193
1493580854
2096847337
1531067926
1133638721
436640990
1070705036
1018171854
2107132369
996485317
19310923
1087423761
252146001
1926441760
1569025442
98961047
931262431
1503884965
739555253
68978297
1018838705
479072731
414075673
455370564
31029327
2106867893
1864280901
1675598085
2115894232
1405929448
1374584006
988146228
985725112
1450712468
833181912
1202746410
2129070010
2053625469
1604286952
1290957599
826753390
1902200106
1343064559
1526705983
706213921
50079945
1312429480
1736836929
1912251094
1327504814
467745564
33345403
1242441067
1532400132
107634165
8201946
1186812756
266676304
2131237433
1311047937
585777711
1091594540
874259643
1679748882
1277933213
774387953
821416187
455788359
354078649
815676636
694036330
2015924546
1510374376
2107352381
2056386289
1726180304
763283440
1282882693
2108604020
1230006452
